function [X, Y] = find_real()
Y = [492.7545455
494.9545455
499.5545455
504.0545455
506.3545455
510.8545455
515.3545455
519.9545455
524.4545455
528.9545455
535.7545455
540.3545455
544.8545455
549.4545455
553.9545455
558.4545455
563.0545455
569.8545455
574.3545455
578.8545455
583.4545455
587.9545455
594.7545455
599.2545455
603.8545455
608.3545455
612.8545455
617.4545455
621.9545455
628.7545455
633.2545455
637.8545455
642.3545455
649.1545455
653.6545455
658.2545455
662.7545455
669.5545455
674.1545455
678.6545455
683.1545455
687.7545455
694.5545455
696.7545455
701.3545455
708.1545455
712.6545455
719.4545455
723.9545455
728.5545455
733.0545455
737.5545455
742.1545455
748.9545455
753.4545455
757.9545455
762.5545455
767.0545455
771.5545455
776.1545455
782.9545455
787.4545455
792.0545455
796.5545455
801.0545455
805.6545455
812.4545455
816.9545455
821.4545455
826.0545455
832.8545455
837.3545455
841.8545455
846.4545455
850.9545455
857.7545455
862.2545455
866.8545455
871.3545455
875.8545455
880.4545455
884.9545455
891.7545455
896.3545455
900.8545455
907.6545455
912.1545455
916.7545455
921.2545455
925.7545455
932.5545455
937.1545455
941.6545455
946.1545455
950.7545455
957.5545455
962.0545455
966.5545455
971.1545455
975.6545455
980.1545455
986.9545455
991.5545455
996.0545455
1000.654545
1005.154545
1009.654545
1016.454545
1021.054545
1025.554545
1030.054545
1034.654545
1039.154545
1043.654545
1048.254545
1055.054545
1059.554545
1064.054545
1068.654545
1075.454545
1079.954545
1084.454545
1089.054545
1093.554545
1098.054545
1102.654545
1109.454545
1113.954545
1118.554545
1123.054545
1129.854545
1134.354545
1138.954545
1143.454545
1147.954545
1152.554545
1157.054545
1161.554545
1168.354545
1172.954545
1177.454545
1181.954545
1186.554545
1193.354545
1197.854545
1202.354545
1206.954545
1211.454545
1215.954545
1222.754545
1227.354545
1231.854545
1236.454545
1240.954545
1245.454545
1252.254545
1256.854545
1261.354545
1265.854545
1270.454545
1277.254545
1281.754545
1286.254545
1290.854545
1297.654545
1302.154545
1306.654545
1311.254545
1315.754545
1320.254545
1324.854545
1331.654545
1336.154545
1340.754545
1347.554545
1352.054545
1356.554545
1361.154545
1365.654545
1372.454545
1376.954545
1381.554545
1386.054545
1390.554545
1397.354545
1401.954545
1406.454545
1410.954545
1415.554545
1420.054545
1424.554545
1431.354545
1435.954545
1440.454545
1444.954545
1449.554545
1456.354545
1460.854545
1465.454545
1469.954545
1474.454545
1479.054545
1485.854545
1490.354545
1494.854545
1499.454545
1503.954545
1508.454545
1513.054545
1517.554545
1522.054545
1526.654545
1533.454545
1537.954545
1542.454545
1547.054545
1551.554545
1556.054545
1560.654545
1567.454545
1571.954545
1576.554545
1581.054545
1587.854545
1592.354545
1596.954545
1601.454545
1605.954545
1610.554545
];

X = [3833
3833
3833
3833
3833
3833
3830
3830
3830
3830
3830
3830
3830
3830
3830
3830
3830
3830
3830
3830
3830
3828
3828
3828
3828
3828
3828
3828
3828
3828
3828
3828
3828
3826
3826
3826
3826
3826
3826
3826
3826
3826
3826
3826
3826
3824
3824
3824
3824
3824
3824
3824
3824
3824
3824
3824
3824
3824
3824
3824
3824
3821
3821
3821
3821
3821
3821
3821
3821
3821
3821
3821
3821
3821
3821
3819
3819
3819
3819
3819
3819
3819
3819
3819
3819
3819
3819
3817
3817
3817
3817
3817
3817
3817
3817
3817
3817
3815
3815
3815
3815
3815
3815
3815
3815
3815
3815
3815
3815
3815
3815
3815
3812
3812
3812
3812
3812
3812
3812
3812
3812
3812
3810
3810
3810
3810
3810
3810
3810
3810
3810
3808
3808
3808
3808
3808
3808
3808
3808
3808
3808
3808
3808
3808
3805
3805
3805
3805
3805
3805
3805
3805
3805
3805
3805
3805
3805
3803
3803
3803
3803
3803
3803
3803
3803
3803
3801
3801
3801
3801
3801
3801
3801
3801
3801
3799
3799
3799
3799
3799
3799
3799
3799
3796
3796
3796
3796
3796
3796
3796
3794
3794
3794
3794
3794
3794
3792
3792
3792
3792
3792
3792
3790
3790
3790
3790
3790
3787
3787
3790
3787
3787
3787
3787
3787
3787
3787
3787
3787
3785
3785
3785
3785
3785
3785
3785
3785
3785
3785
];
end
